   18
S38        0.000000 0.007008 0.102723 0.001802 0.472367 0.179015 1.000000 0.261914 0.302964 0.013616 0.101522 0.198038 0.900280 0.043052 0.243692 0.048458 0.094714 0.131758 
AP8        0.006960 0.000000 0.108968 0.008749 0.476039 0.184729 1.000000 0.267051 0.307815 0.006562 0.107775 0.203619 0.900974 0.035792 0.235037 0.055081 0.101014 0.123881 
IMR_125063 0.114483 0.122294 0.000000 0.112475 0.411962 0.085026 1.000000 0.177416 0.223164 0.129659 0.001339 0.106226 0.888864 0.162464 0.386075 0.060478 0.008927 0.261326 
NB-NML-300 0.001805 0.008826 0.101103 0.000000 0.471414 0.177533 1.000000 0.260582 0.301705 0.015446 0.099900 0.196590 0.900100 0.044935 0.245938 0.046740 0.093079 0.133801 
ON-E76b    0.659676 0.669463 0.516219 0.657159 0.000000 0.409676 0.736857 0.293904 0.236577 0.678691 0.517897 0.383110 0.597595 0.719799 1.000000 0.592002 0.527405 0.843680 
ON-S2383   0.218049 0.226585 0.092927 0.215854 0.357317 0.000000 1.000000 0.100976 0.150976 0.234634 0.094390 0.023171 0.878537 0.270488 0.514878 0.159024 0.102683 0.378537 
CMX-INER-I 0.804057 0.809692 0.721462 0.802608 0.424247 0.660119 0.000000 0.593463 0.560457 0.815006 0.722428 0.644824 0.080180 0.838673 1.000000 0.765094 0.727902 0.909998 
OR-OSPHL00 0.354856 0.364352 0.215681 0.352415 0.285133 0.112317 1.000000 0.000000 0.055616 0.373304 0.217309 0.086544 0.864894 0.413185 0.685024 0.289202 0.226533 0.533370 
TX-DSHS-52 0.434645 0.444700 0.287274 0.432060 0.243034 0.177822 1.000000 0.058891 0.000000 0.454180 0.288997 0.150531 0.856938 0.496409 0.784257 0.365125 0.298765 0.623671 
NSW4490    0.013433 0.006519 0.114777 0.015211 0.479455 0.190043 1.000000 0.271829 0.312327 0.000000 0.113591 0.208811 0.901620 0.029040 0.226985 0.061241 0.106875 0.116555 
PAIS-D0094 0.112993 0.120793 0.001337 0.110987 0.412748 0.086249 1.000000 0.178516 0.224203 0.128148 0.000000 0.107421 0.889013 0.160909 0.384221 0.059060 0.007577 0.259639 
RJ-LNN0011 0.246941 0.255680 0.118851 0.244694 0.342072 0.023720 1.000000 0.079650 0.130836 0.263920 0.120350 0.000000 0.875655 0.300624 0.550811 0.186517 0.128839 0.411236 
GJ-GBRC560 0.786977 0.793103 0.697182 0.785402 0.374059 0.630492 0.087170 0.558026 0.522142 0.798880 0.698232 0.613863 0.000000 0.824611 1.000000 0.744618 0.704183 0.902153 
DCGC-50693 0.041275 0.034556 0.139758 0.043002 0.494145 0.212901 1.000000 0.292379 0.331734 0.028220 0.138606 0.231138 0.904396 0.000000 0.192359 0.087733 0.132079 0.085045 
TRE23196_1 0.195943 0.190308 0.278538 0.197392 0.575753 0.339881 1.000000 0.406537 0.439543 0.184994 0.277572 0.355176 0.919820 0.161327 0.000000 0.234906 0.272098 0.090002 
CAM-TIGEM- 0.050926 0.058291 0.057029 0.049032 0.445497 0.137205 1.000000 0.224327 0.267466 0.065236 0.055766 0.157197 0.895202 0.096170 0.307029 0.000000 0.048611 0.189394 
S21D474    0.104623 0.112365 0.008848 0.102632 0.417164 0.093121 1.000000 0.184694 0.230038 0.119664 0.007520 0.114134 0.889847 0.152179 0.373811 0.051095 0.000000 0.250166 
LOND-128A7 0.116419 0.110226 0.207183 0.118011 0.533793 0.274593 1.000000 0.347841 0.384112 0.104388 0.206122 0.291401 0.911890 0.078379 0.098903 0.159236 0.200106 0.000000 
