   18
S38        0.000000 0.223279 0.187858 0.047131 0.073208 0.111785 0.178930 1.000000 0.198115 0.246699 0.098538 0.349763 0.248692 0.131260 0.110082 0.124865 0.059505 0.212732 
AP8        0.287463 0.000000 0.045603 0.348142 0.381716 0.431382 0.517829 1.000000 0.542529 0.605079 0.414328 0.162844 0.607645 0.456455 0.429190 0.448222 0.364074 0.013579 
IMR_125063 0.231312 0.043614 0.000000 0.289345 0.321454 0.368954 0.451631 1.000000 0.475253 0.535075 0.352643 0.199356 0.537529 0.392934 0.366858 0.385060 0.304581 0.030627 
NB-NML-300 0.045009 0.258238 0.224412 0.000000 0.024904 0.061744 0.125867 1.000000 0.144188 0.190586 0.049094 0.379030 0.192489 0.080343 0.060118 0.074236 0.011817 0.248166 
ON-E76b    0.068214 0.276262 0.243258 0.024299 0.000000 0.035945 0.098510 1.000000 0.116386 0.161656 0.023602 0.394119 0.163513 0.054092 0.034359 0.048133 0.012768 0.266435 
ON-S2383   0.100545 0.301374 0.269515 0.058153 0.034698 0.000000 0.060394 1.000000 0.077650 0.121349 0.011915 0.415142 0.123142 0.017517 0.001531 0.011765 0.047023 0.291888 
CMX-INER-I 0.151773 0.341164 0.311120 0.111796 0.089676 0.056955 0.000000 1.000000 0.016273 0.057483 0.068191 0.448452 0.059174 0.040435 0.058399 0.045860 0.101300 0.332218 
OR-OSPHL00 0.800838 0.622028 0.650394 0.838582 0.859466 0.890359 0.944132 0.000000 0.959496 0.998404 0.879751 0.520734 1.000000 0.905956 0.888996 0.900835 0.848492 0.630475 
TX-DSHS-52 0.165355 0.351714 0.322150 0.126018 0.104253 0.072055 0.016012 1.000000 0.000000 0.040550 0.083111 0.457283 0.042214 0.055800 0.073476 0.061137 0.115690 0.342911 
NSW4490    0.197882 0.376978 0.348566 0.160077 0.139160 0.108217 0.054358 1.000000 0.038970 0.000000 0.118842 0.478433 0.001599 0.092596 0.109583 0.097725 0.150152 0.368517 
PAIS-D0094 0.089699 0.292950 0.260707 0.046796 0.023058 0.012058 0.073181 1.000000 0.090644 0.134871 0.000000 0.408089 0.136685 0.029786 0.010508 0.023965 0.035532 0.283349 
RJ-LNN0011 0.537902 0.194521 0.248994 0.610384 0.650489 0.709815 0.813079 1.000000 0.842583 0.917300 0.689444 0.000000 0.920365 0.739766 0.707197 0.729932 0.629414 0.210741 
GJ-GBRC560 0.199162 0.377972 0.349606 0.161418 0.140534 0.109641 0.055868 1.000000 0.040504 0.001596 0.120249 0.479266 0.000000 0.094044 0.111004 0.099165 0.151508 0.369525 
DCGC-50693 0.116030 0.313402 0.282091 0.074368 0.051316 0.017215 0.042139 1.000000 0.059098 0.102045 0.028925 0.425210 0.103806 0.000000 0.018720 0.005653 0.063429 0.304078 
TRE23196_1 0.099166 0.300303 0.268395 0.056709 0.033217 0.001534 0.062021 1.000000 0.079303 0.123069 0.010399 0.414245 0.124864 0.019078 0.000000 0.013317 0.045562 0.290802 
CAM-TIGEM- 0.111004 0.309498 0.278010 0.069106 0.045923 0.011628 0.048064 1.000000 0.065119 0.108310 0.023404 0.421942 0.110082 0.005685 0.013142 0.000000 0.058105 0.300122 
S21D474    0.056163 0.266902 0.233471 0.011679 0.012934 0.049344 0.112718 1.000000 0.130825 0.176680 0.036841 0.386283 0.178562 0.067725 0.047737 0.061689 0.000000 0.256947 
LOND-128A7 0.270215 0.013397 0.031594 0.330081 0.363205 0.412205 0.497495 1.000000 0.521863 0.583575 0.395380 0.174060 0.586107 0.436943 0.410043 0.428820 0.345799 0.000000 
