   18
S38        0.000000 0.053005 0.057596 0.094324 0.050918 0.060100 1.000000 0.098497 0.002087 0.052170 0.107262 0.111853 0.003756 0.067613 0.052170 0.120200 0.055509 0.148998 
AP8        0.050337 0.000000 0.105034 0.139913 0.098692 0.107412 1.000000 0.143876 0.052319 0.099881 0.152200 0.156560 0.053904 0.013872 0.099881 0.164487 0.103052 0.191835 
IMR_125063 0.061116 0.117360 0.000000 0.038973 0.007086 0.002657 1.000000 0.043401 0.058902 0.005757 0.052702 0.057573 0.057130 0.132861 0.005757 0.066430 0.002214 0.096988 
NB-NML-300 0.104147 0.162673 0.040553 0.000000 0.047926 0.037788 1.000000 0.004608 0.101843 0.046544 0.014286 0.019355 0.100000 0.178802 0.046544 0.028571 0.042857 0.060369 
ON-E76b    0.053650 0.109499 0.007036 0.045734 0.000000 0.009675 1.000000 0.050132 0.051451 0.001319 0.059367 0.064204 0.049692 0.124890 0.001319 0.072999 0.004837 0.103342 
ON-S2383   0.063943 0.120337 0.002664 0.036412 0.009769 0.000000 1.000000 0.040853 0.061723 0.008437 0.050178 0.055062 0.059947 0.135879 0.008437 0.063943 0.004885 0.094583 
CMX-INER-I 0.936669 0.986317 0.882721 0.848319 0.888976 0.880375 0.000000 0.844410 0.934715 0.887803 0.836200 0.831900 0.933151 1.000000 0.887803 0.824081 0.884676 0.797107 
OR-OSPHL00 0.109259 0.168056 0.045370 0.004630 0.052778 0.042593 1.000000 0.000000 0.106944 0.051389 0.009722 0.014815 0.105093 0.184259 0.051389 0.024074 0.047685 0.056019 
TX-DSHS-52 0.002091 0.055207 0.055625 0.092430 0.048934 0.058135 1.000000 0.096612 0.000000 0.050188 0.105395 0.109996 0.001673 0.069845 0.050188 0.118361 0.053534 0.147219 
NSW4490    0.055042 0.110964 0.005724 0.044474 0.001321 0.008366 1.000000 0.048877 0.052840 0.000000 0.058124 0.062968 0.051079 0.126376 0.000000 0.071775 0.003523 0.102158 
PAIS-D0094 0.120150 0.179523 0.055633 0.014493 0.063114 0.052828 1.000000 0.009818 0.117812 0.061711 0.000000 0.005143 0.115942 0.195886 0.061711 0.014493 0.057971 0.046751 
RJ-LNN0011 0.125940 0.185620 0.061090 0.019737 0.068609 0.058271 1.000000 0.015038 0.123590 0.067199 0.005169 0.000000 0.121711 0.202068 0.067199 0.009398 0.063440 0.041823 
GJ-GBRC560 0.003770 0.056975 0.054043 0.090909 0.047340 0.056556 1.000000 0.095098 0.001676 0.048597 0.103896 0.108504 0.000000 0.071638 0.048597 0.116883 0.051948 0.145790 
DCGC-50693 0.063331 0.013683 0.117279 0.151681 0.111024 0.119625 1.000000 0.155590 0.065285 0.112197 0.163800 0.168100 0.066849 0.000000 0.112197 0.175919 0.115324 0.202893 
TRE23196_1 0.055042 0.110964 0.005724 0.044474 0.001321 0.008366 1.000000 0.048877 0.052840 0.000000 0.058124 0.062968 0.051079 0.126376 0.000000 0.071775 0.003523 0.102158 
CAM-TIGEM- 0.136622 0.196869 0.071157 0.029412 0.078748 0.068311 1.000000 0.024668 0.134250 0.077324 0.014706 0.009488 0.132353 0.213472 0.077324 0.000000 0.073529 0.032732 
S21D474    0.058772 0.114892 0.002209 0.041096 0.004861 0.004861 1.000000 0.045515 0.056562 0.003535 0.054795 0.059655 0.054795 0.130358 0.003535 0.068493 0.000000 0.098984 
LOND-128A7 0.175086 0.237371 0.107406 0.064247 0.115253 0.104463 1.000000 0.059343 0.172634 0.113781 0.049044 0.043649 0.170672 0.254537 0.113781 0.033840 0.109858 0.000000 
