   18
S38        0.000000 0.685714 0.034091 0.710390 0.513961 1.000000 0.096104 0.721104 0.111039 0.101623 0.485065 0.137338 0.085714 0.921104 0.906494 0.339286 0.654870 0.671429 
AP8        0.833136 0.000000 0.874556 0.029980 0.208679 0.381854 0.949901 0.042998 0.968047 0.709665 0.243787 1.000000 0.937278 0.285996 0.268245 0.420907 0.037475 0.017357 
IMR_125063 0.032967 0.696075 0.000000 0.719937 0.529984 1.000000 0.059969 0.730298 0.074411 0.131240 0.502041 0.099843 0.049922 0.923705 0.909576 0.361068 0.666248 0.682261 
NB-NML-300 0.837993 0.029108 0.878208 0.000000 0.231712 0.341632 0.951360 0.012639 0.968977 0.718116 0.265799 1.000000 0.939104 0.248564 0.231329 0.437763 0.065492 0.045959 
ON-E76b    0.789133 0.263709 0.841476 0.301595 0.000000 0.746261 0.936690 0.318046 0.959621 0.633101 0.044367 1.000000 0.920738 0.625125 0.602692 0.268195 0.216351 0.241775 
ON-S2383   0.879246 0.276335 0.909221 0.254639 0.427348 0.000000 0.963745 0.245218 0.976877 0.789894 0.452755 1.000000 0.954610 0.069369 0.082215 0.580931 0.303454 0.288895 
CMX-INER-I 0.087678 0.713270 0.056576 0.735782 0.556576 1.000000 0.000000 0.745557 0.013626 0.180391 0.530213 0.037618 0.009479 0.928021 0.914692 0.397216 0.685130 0.700237 
OR-OSPHL00 0.840015 0.041225 0.879728 0.012481 0.241301 0.324887 0.951967 0.000000 0.969365 0.721634 0.274962 1.000000 0.939864 0.232980 0.215961 0.444781 0.077156 0.057867 
TX-DSHS-52 0.099942 0.717124 0.069258 0.739334 0.562537 1.000000 0.013442 0.748977 0.000000 0.191409 0.536528 0.023670 0.022794 0.928989 0.915839 0.405319 0.689363 0.704267 
NSW4490    0.113119 0.650163 0.151066 0.677629 0.458981 1.000000 0.220094 0.689555 0.236718 0.000000 0.426816 0.265992 0.208529 0.912179 0.895916 0.264546 0.615829 0.634261 
PAIS-D0094 0.779343 0.322379 0.834116 0.362024 0.046427 0.827334 0.933751 0.379238 0.957746 0.616067 0.000000 1.000000 0.917058 0.700574 0.677100 0.234220 0.272822 0.299426 
RJ-LNN0011 0.120754 0.723665 0.090779 0.745361 0.572652 1.000000 0.036255 0.754782 0.023123 0.210106 0.547245 0.000000 0.045390 0.930631 0.917785 0.419069 0.696546 0.711105 
GJ-GBRC560 0.078947 0.710526 0.047548 0.733254 0.552333 1.000000 0.009569 0.743122 0.023325 0.172548 0.525718 0.047548 0.000000 0.927333 0.913876 0.391447 0.682117 0.697368 
DCGC-50693 0.870245 0.222393 0.902454 0.199080 0.384663 0.074540 0.961043 0.188957 0.975153 0.774233 0.411963 1.000000 0.951227 0.000000 0.013804 0.549693 0.251534 0.235890 
TRE23196_1 0.868429 0.211509 0.901089 0.187869 0.376050 0.089580 0.960498 0.177605 0.974806 0.771073 0.403733 1.000000 0.950544 0.013997 0.000000 0.543390 0.241058 0.225194 
CAM-TIGEM- 0.513514 0.524324 0.565111 0.561671 0.264373 1.000000 0.658968 0.577887 0.681572 0.359705 0.220639 0.721376 0.643243 0.880590 0.858477 0.000000 0.477641 0.502703 
S21D474    0.826639 0.038934 0.869672 0.070082 0.177869 0.435656 0.947951 0.083607 0.966803 0.698361 0.214344 1.000000 0.934836 0.336066 0.317623 0.398361 0.000000 0.020902 
LOND-128A7 0.830189 0.017664 0.872340 0.048173 0.194701 0.406263 0.949016 0.061421 0.967483 0.704536 0.230430 1.000000 0.936170 0.308711 0.290646 0.410678 0.020474 0.000000 
